00111100000100000000000000000000
00110110000001000001000000000000
00111100000100000000000000000000
00110110000000100000000000001000
00000000000000001111111111111111
00111100000100000000000000000000
00110110000010010000000000000000
00111100000100000000000000000000
00110110000110100001000110100100
10101111010010010000000000000000
00111100000100000000000000000000
00110110000010010000000000000000
00111100000100000000000000000000
00110110000110100001000110101000
10101111010010010000000000000000
00111100000100000000000000000000
00110110000110100001000110101000
10001111010010000000000000000000
00111100000100000000000000000000
00110110000010100001000000000000
00000001000010100100100000100000
10000001001010110000000000000000
00111100000100000000000000000000
00110110000011000001000110101100
10100001100010110000000000000000
00111100000100000000000000000000
00110110000010010000000000000000
00111100000100000000000000000000
00110110000110100001000110101100
10001111010010100000000000000000
00010101001010100000000010000000
00010000000000000000000011000000
00111100000100000000000000000000
00110110000110100001000110101000
10001111010010010000000000000000
00111100000100000000000000000000
00110110000010100000000000000001
00000001010010010101100000100000
00111100000100000000000000000000
00110110000110100001000110110000
10101111010010110000000000000000
00111100000100000000000000000000
00110110000110100001000110110000
10001111010010010000000000000000
00111100000100000000000000000000
00110110000110100001000110101000
10101111010010010000000000000000
00010000000000000000000000111100
00111100000100000000000000000000
00110110000110100001000110101000
10001111010010010000000000000000
00111100000100000000000000000000
00110110000010100000000000000001
00000001001010100101100000100010
00111100000100000000000000000000
00110110000110100001000110110100
10101111010010110000000000000000
00111100000100000000000000000000
00110110000110100001000110110100
10001111010010010000000000000000
00111100000100000000000000000000
00110110000110100001000110101000
10101111010010010000000000000000
00111100000100000000000000000000
00110110000110100001000110100100
10001111010010000000000000000000
00111100000100000000000000000000
00110110000010100001000000000000
00000001000010100100100000100000
10000001001010110000000000000000
00111100000100000000000000000000
00110110000011000001000110111000
10100001100010110000000000000000
00111100000100000000000000000000
00110110000110100001000110101000
10001111010010000000000000000000
00111100000100000000000000000000
00110110000010100001000000000000
00000001000010100100100000100000
10000001001010110000000000000000
00111100000100000000000000000000
00110110000011000001000110111100
10100001100010110000000000000000
00111100000100000000000000000000
00110110000110100001000110111000
10001111010010010000000000000000
00111100000100000000000000000000
00110110000110100001000110111100
10001111010010100000000000000000
00010001001010100000000101101100
00010000000000000000001000001100
00111100000100000000000000000000
00110110000110100001000110101000
10001111010010010000000000000000
00111100000100000000000000000000
00110110000110100001000110100100
10001111010010100000000000000000
00000001010010010000100000101010
00010100001000000000000110010000
00010000000000000000001000001100
00111100000100000000000000000000
00110110000110100001000110101000
10001111010010010000000000000000
00111100000100000000000000000000
00110110000010100000000000000001
00000001001010100101100000100010
00111100000100000000000000000000
00110110000110100001000111000000
10101111010010110000000000000000
00111100000100000000000000000000
00110110000110100001000111000000
10001111010010010000000000000000
00111100000100000000000000000000
00110110000110100001000110101000
10101111010010010000000000000000
00111100000100000000000000000000
00110110000110100001000110100100
10001111010010010000000000000000
00111100000100000000000000000000
00110110000010100000000000000001
00000001010010010101100000100000
00111100000100000000000000000000
00110110000110100001000111000100
10101111010010110000000000000000
00111100000100000000000000000000
00110110000110100001000111000100
10001111010010010000000000000000
00111100000100000000000000000000
00110110000110100001000110100100
10101111010010010000000000000000
00010000000000000000000011111100
00111100000100000000000000000000
00110110000110100001000110100100
10001111010010010000000000000000
00111100000100000000000000000000
00110110000110100001000110101000
10001111010010100000000000000000
00000001001010100000100000101010
00010000001000000000001000110000
00010000000000000000001001001000
00111100000100000000000000000000
00110110000001000001000111001000
00111100000100000000000000000000
00110110000000100000000000000100
00000000000000001111111111111111
00010000000000000000001001011100
00111100000100000000000000000000
00110110000001000001000111011100
00111100000100000000000000000000
00110110000000100000000000000100
00000000000000001111111111111111
00111100000100000000000000000000
00110110000000100000000000001010
00000000000000001111111111111111
