00111100000100000000000000000000
00110110000000100000000000000101
00000000000000001111111111111111
00000000000000100100000000100000
00111100000100000000000000000000
00110110000110100001000000000000
10101111010010000000000000000000
00111100000100000000000000000000
00110110000110100001000000000000
10001111010010010000000000000000
00111100000100000000000000000000
00110110000010100000000000000011
00000001010010010101100000100000
00111100000100000000000000000000
00110110000110100001000000001000
10101111010010110000000000000000
00111100000100000000000000000000
00110110000110100001000000001000
10001111010010010000000000000000
00111100000100000000000000000000
00110110000010100000000000000010
01110001010010010101100000000010
00111100000100000000000000000000
00110110000110100001000000001100
10101111010010110000000000000000
00111100000100000000000000000000
00110110000110100001000000001100
10001111010010010000000000000000
00111100000100000000000000000000
00110110000110100001000000000100
10101111010010010000000000000000
00111100000100000000000000000000
00110110000110100001000000000100
10001111010001000000000000000000
00111100000100000000000000000000
00110110000000100000000000000001
00000000000000001111111111111111
00111100000100000000000000000000
00110110000000100000000000001010
00000000000000001111111111111111
